1000,7858
10000,4
1002,2940
1004,963
1005,352
1006,5224
1008,110
1009,79
1010,91
1011,83
1012,151
1013,93
1014,5495
1016,3633
1017,11696
1018,1634
1019,84
1020,3546
1021,369
1022,7265
1023,9926
1027,84
1028,7167
1029,8453
1030,8639
1032,3233
1036,529
1038,18391
1043,237
1046,15
1049,59
1051,3398
1055,3254
1057,1113
1058,3121
1059,8
1063,3090
1064,5876
1069,544
1070,922
1072,127
1074,182
1078,21117
1081,4077
1082,1457
1087,2337
1088,6033
1091,1862
1092,1006
1093,1278
1094,8298
1096,197
1097,4643
1098,4634
1109,157
1110,366
1111,615
1112,502
1114,150
1129,101
1130,10319
1132,10286
1134,1369
1135,2818
1136,101
1140,3707
1141,1393
1143,4946
1144,3163
1146,3353
1148,13096
1152,4268
1154,87
1155,24
1158,776
1160,623
1162,4898
1164,15021
1166,1446
1167,1469
1168,5197
1169,11
1170,2031
1171,2849
1174,4289
1175,70
1176,424
1177,14226
1178,13347
1181,1577
1182,8877
1183,2534
1184,23
1187,4486
1192,3170
1193,1549
1194,4
1196,4679
1197,9
1198,3288
12,22661
1200,1047
1201,6144
1202,811
1203,8409
1206,8512
1207,9980
1208,11678
1209,4302
1210,5828
1212,1091
1213,1922
1214,21344
1216,14265
1217,3983
1223,190
1227,1637
1234,1548
1235,1290
1238,3
1239,7265
1241,5247
1242,3972
1247,2028
1252,5228
1254,87
1256,4451
1259,43
1260,4462
1261,135
1262,394
1264,1757
1267,1474
1270,6541
1271,2581
1273,16748
1274,604
1276,9
1279,1180
1285,1904
1286,1168
1288,5941
1291,2264
1292,6
1293,1565
1298,3586
1300,3948
1301,1513
1303,137
1304,4
1305,1483
1306,4804
1307,1988
1309,318
1311,4
1313,1591
1315,5222
1316,3339
1317,3811
1322,2631
1324,1888
1325,4776
1327,2223
1328,3
1331,544
1332,125
1333,85
1334,86
1335,1869
1336,797
1338,6694
1344,1183
1346,9422
1347,12231
1348,11642
1349,1784
1354,4570
1356,44
1358,5423
1359,512
1360,889
1361,2583
1362,625
1363,1597
1365,11383
1366,2009
1367,7249
1368,5725
1369,1254
1370,4675
1371,577
1372,5753
1373,625
1374,850
1376,3576
1380,598
1383,1176
1384,6609
1386,1280
1387,1991
1389,1280
1391,22
1392,358
1394,2236
1395,8378
1397,6807
1400,3868
1404,11
1408,3109
1409,723
1412,2327
1416,136
1417,81
1418,3006
1419,4280
1422,1698
1423,4025
1425,5324
1428,282
1433,865
1435,963
1436,8024
1437,3441
1438,1133
1439,6
1440,3048
1441,550
1442,86
1445,4278
1446,7525
1448,108
1449,1956
1451,9523
1453,2423
1456,3169
1460,1946
1461,14141
1466,4457
1478,388
1482,1352
1484,688
1485,1460
1486,4700
1488,887
1490,169
1491,126
1494,14040
1495,5720
1496,169
1497,81
1499,106
1500,901
1501,25
1504,17
1505,5
1506,5
1507,5
1508,671
1509,846
1513,941
1514,2404
1519,79
1520,6899
1523,1697
1525,13659
1526,745
1527,802
1528,674
1529,1575
1530,9765
1536,524
1537,24802
1538,4
1540,2959
1541,106
1542,3846
1543,315
1544,1639
1545,2117
1546,1943
1547,37
1548,1069
1549,903
1550,2347
1551,6
1552,336
1553,234
1556,2734
1557,4371
1558,2017
1559,194
1560,5923
1563,586
1564,306
1565,224
1566,6778
1567,1238
1568,1922
1569,12
1570,2904
1571,1195
1573,4170
1575,6323
1576,10245
1577,2920
1578,407
1579,1279
1580,455
1581,699
1583,4838
1585,572
1586,389
1587,1300
1588,509
1589,696
1592,4118
1593,1115
1594,898
1595,1217
1596,1186
1597,6
1599,2343
1600,2988
1601,541
1602,5
1603,6
1604,5
1605,439
1606,2400
1607,5
1608,5
1612,198
1613,3537
1614,715
1615,556
1616,1312
1617,577
1620,1801
1623,15609
1624,15152
1625,8697
1627,13061
1628,87
1629,98
1633,1445
1634,8184
1635,4141
1637,280
1638,75
1639,127
1640,12131
1642,1630
1643,190
1644,5018
1645,7883
1647,483
1649,3906
1650,1867
1652,441
1653,6327
1654,201
1655,406
1656,480
1657,1576
1658,504
1659,809
1660,1388
1661,1310
1662,549
1663,42
1664,702
1669,278
1676,1820
1677,2197
1679,3278
1680,1515
1683,459
1684,334
1685,1561
1686,1877
1687,1975
1688,275
1689,5
1690,712
1691,13
1692,5
1694,5
1695,5636
1696,5
1697,2129
1698,1022
1699,5
1700,402
1701,7725
1702,418
1710,149
1711,129
1714,193
1715,10289
1716,756
1717,1042
1718,676
1719,7272
1722,2435
1723,513
1724,1418
1726,1832
1727,2685
1728,891
1729,285
1730,621
1732,1098
1734,1105
1735,897
1737,1463
1738,466
1740,115
1742,8
1743,8
1746,713
1747,29
1748,942
1749,712
1750,5159
1751,553
1752,1587
1754,142
1755,6201
1756,3392
1758,1055
1759,319
1760,1498
1761,961
1762,2105
1763,156
1764,389
1765,29
1767,1857
1768,8
1770,8202
1773,3832
1774,2113
1776,3558
1777,106
1778,2486
1779,8
1781,107
1784,10316
1786,2568
1787,122
1788,11
1789,1471
1790,2867
1791,6429
1793,106
1794,120
1797,2246
1799,9
1800,6413
1802,353
1805,9779
1806,16993
1807,9
1810,397
1812,9206
1814,11847
1822,5421
1825,1340
1826,87
1827,102
1828,8943
1832,535
1834,1473
1835,790
1837,2076
1839,798
1840,773
1841,4441
1842,4460
1844,8314
1845,33391
1847,1151
1851,798
1853,1078
1854,4250
1857,4647
1859,15331
1862,7
1864,2736
1866,359
1869,1554
1870,44
1871,2510
1872,775
1873,524
1874,2312
1875,478
1878,910
1879,931
1880,382
1881,6028
1884,4851
1887,89
1890,5718
1893,2125
1894,203
1896,1585
1897,5596
1902,9729
1905,1556
1908,695
1909,1777
1910,3878
1911,1166
1912,1074
1913,4
1914,14677
1915,2048
1916,233
1919,30
1920,20
1921,22523
1923,2390
1924,549
1925,1765
1926,2432
1927,576
1928,4
1930,13260
1931,15
1933,1142
1934,1689
1935,4
1937,3277
1938,10202
1939,1600
1940,267
1941,1054
1942,9587
1943,6467
1944,3304
1946,1481
1947,32
1948,2697
1949,572
1950,20706
1955,5006
1957,3081
1960,307
1962,3034
1963,2178
1965,8191
1966,2762
1967,3069
1968,2792
1969,5135
1970,9258
1971,6072
1973,16029
1974,81
1975,5229
1979,6682
1980,10946
1985,4
1986,412
1988,2915
1990,93
1991,10
1994,4
1997,6800
1998,17254
2003,1935
2004,23
2006,9678
2007,7137
2009,4180
2011,12938
2014,433
2015,2079
2017,3134
2018,2866
2019,1993
2020,1827
2021,950
2023,5403
2024,1008
2025,673
2027,1228
2028,6
2029,5605
2030,13358
2032,1477
2037,3165
2038,350
2039,2158
2041,3773
2042,5955
2047,7146
2049,1797
2052,3239
2053,2431
2058,18
2061,2405
2062,2928
2063,935
2064,3974
2065,8441
2067,12825
2070,6391
2075,3673
2076,4021
2077,1744
2078,4804
2079,3
2080,1620
2082,2196
2083,1681
2084,3441
2085,21254
2086,262
2087,4
2088,5334
2089,2605
2093,359
2099,1137
2100,1648
2101,3572
2102,3140
2103,5302
2104,1889
2106,2730
2108,1774
2110,1963
2112,2092
2113,1616
2114,3211
2115,5411
2116,12115
2117,3529
2118,1652
2120,268
2122,12991
2123,4
2125,490
2126,5930
2127,24
2128,3
2129,1775
2130,10539
2134,5601
2136,2027
2137,2460
2138,5
2139,79
2140,14646
2141,9374
2142,68
2144,19525
2147,3028
2148,9752
2151,926
2152,4760
2154,19201
2161,708
2162,6844
2163,1341
2164,2
2165,2
2166,28
2167,3913
2170,18
2171,1392
2174,6626
2175,17522
2176,13340
2178,7621
2179,1568
2180,794
2185,12499
2186,2446
2187,6657
2192,85
2193,1306
2194,127
2195,151
2196,79
2197,5375
2198,1204
2201,2427
2202,4915
2204,5103
2207,2396
2208,2846
2209,5
2210,3429
2215,8437
2216,9600
2217,4577
2218,1972
2219,9829
2221,3672
2222,4542
2224,112
2226,1367
2230,2992
2233,2857
2234,3286
2235,776
2236,3583
2237,1496
2238,1447
2241,7106
2244,1497
2245,1136
2246,2890
2250,1518
2251,2285
2257,15593
2264,99
2268,3256
2273,11012
2274,4253
2275,2404
2279,130
2282,1645
2284,1323
2286,4125
2287,2239
2288,1697
2289,2041
2296,6050
2299,534
2303,8937
2304,959
2308,10759
2310,5690
2313,940
2314,4707
2315,129
2316,848
2319,8
2321,9238
2322,508
2323,1387
2326,86
2328,5439
2329,261
2330,762
2331,9
2332,53
2333,1135
2335,1189
2338,4916
2339,777
2340,761
2341,4008
2343,1675
2345,2342
2346,832
2348,4530
2349,4089
2357,8820
2358,8143
2360,645
2362,10540
2363,1126
2369,4835
2371,1818
2372,238
2376,2474
2377,11111
2380,2725
2381,198
2382,10494
2383,720
2384,1503
2386,12378
2388,16957
2389,670
2391,932
2392,1767
2393,7142
2395,106
2396,4327
2397,5084
2398,1220
2400,9664
2402,6597
2403,8956
2405,2594
2406,1993
2408,3447
2411,5647
2414,1819
2416,3038
2417,3432
2418,79
2421,5
2422,6311
2425,13354
2427,1052
2428,5544
2429,4
2431,2242
2433,2325
2439,710
2440,2362
2441,472
2443,2240
2444,3739
2447,6810
2448,347
2452,15
2457,7677
2459,4
2460,14072
2466,3086
2467,4126
2470,4
2471,272
2472,2862
2473,1519
2474,1167
2475,453
2476,567
2477,783
2482,2599
2483,43
2484,6
2487,370
2490,682
2493,7464
2494,7867
2499,3845
25,15305
2500,443
2501,12
2502,300
2503,3982
2504,20083
2506,371
2508,14522
2510,2786
2511,1068
2512,2218
2514,1342
2519,1050
2524,2840
2526,432
2528,1131
2529,289
2536,354
2543,2675
2544,1506
2546,1969
2547,14098
2551,1153
2553,802
2558,246
2559,727
2560,2968
2563,4885
2564,104
2573,1182
2575,6907
2577,968
2578,4
2580,7
2581,1546
2582,4
2583,1248
2593,4184
2594,12407
2597,2827
2598,1915
2602,266
2604,54
2605,72
2606,566
2607,1113
2608,1802
2609,1745
2610,1227
2613,1384
2616,2166
2618,675
2619,545
2620,277
2621,672
2622,696
2623,347
2624,2231
2626,831
2627,5057
2628,1638
2629,1231
2630,472
2632,2133
2633,6
2634,633
2635,2284
2637,3913
2639,1846
2640,6204
2641,450
2642,7869
2645,1553
2646,1014
2654,286
2661,904
2662,766
2663,15
2665,1025
2667,625
2668,961
2670,1576
2671,2223
2673,2185
2674,1140
2676,5313
2677,374
2678,3904
2679,97
2680,155
2681,2228
2684,168
2685,752
2686,893
2687,749
2689,347
2690,23
2691,438
2692,688
2695,2616
2696,336
2699,303
2700,406
2701,5534
2702,39
2703,7265
2704,8083
2705,4922
2707,197
2709,4224
2710,12
2712,1725
2714,1249
2715,2774
2716,594
2717,1746
2719,222
2720,1361
2722,998
2723,7743
2724,2513
2726,1076
2729,133
2732,451
2733,93
2734,43
2735,7
2736,20312
2739,261
2740,642
2741,1208
2742,9
2745,3385
2747,1991
2752,7040
2753,2272
2754,437
2756,3103
2758,2457
2761,4011
2762,475
2763,2177
2764,451
2766,2264
2767,4599
2769,475
2770,747
2778,7593
2779,6054
2780,1789
2781,4211
2782,4675
2783,2187
2784,6746
2785,779
2786,4099
2787,12133
2790,1424
2792,7598
2795,2033
2799,1166
2800,17
2802,1117
2807,5019
2809,4
2810,491
2812,2044
2813,2336
2815,2479
2819,3769
2820,733
2822,12
2823,1722
2824,1133
2826,429
2827,26
2830,611
2833,20
2834,6394
2835,2354
2836,1881
2838,2233
2839,7213
2840,583
2844,3916
2846,14
2847,14142
2851,2179
2853,393
2856,792
2858,1841
2861,11243
2862,1070
2864,9855
2865,849
2866,1913
2868,693
2869,3202
2870,9749
2875,2260
2877,5189
2881,2243
2883,943
2885,2390
2889,1042
2890,1807
2893,3240
2894,11
2899,212
290,1385
2900,326
2905,6416
2906,1182
2907,291
2908,512
2909,3060
2911,1820
2916,348
2917,1896
2919,3035
2923,3494
2925,2288
2926,1245
2927,6983
2928,1958
2934,5933
2935,19
2936,1193
2938,65
2939,683
2940,5023
2941,354
2942,5605
2943,1839
2944,12159
2945,411
2947,467
2948,584
2950,2791
2952,2021
2955,485
2956,464
2957,570
2959,512
2961,2035
2963,7001
2964,22
2965,12243
2972,4048
2974,3031
2975,1575
2983,19269
2986,1067
2987,3957
2988,1459
2991,11
2992,2171
2994,3369
2995,11513
2999,2617
3000,163
3003,3367
3004,990
3010,2703
3012,11359
3013,882
3014,206
3017,513
3019,6000
3020,407
3022,5232
3027,2595
3029,4197
303,19591
3032,2957
3034,5435
3035,3807
3036,2258
3037,298
3038,3758
3040,407
3043,1242
3044,613
3045,423
3046,785
3049,2593
305,6161
3052,6479
3054,5109
3055,5393
3057,19
3058,3122
3060,5036
3065,274
3067,2797
3068,1788
307,19089
3070,3062
3071,618
3072,3690
3074,231
3075,2173
3076,2397
3077,2557
3078,2352
3079,7478
308,13286
3080,8123
3082,894
3083,7295
3085,1085
3087,452
3088,127
3089,261
309,1831
3090,1019
3092,4585
3093,743
3095,1978
3100,6
3104,1777
3107,4033
3110,1444
3111,3474
3112,1007
3114,478
3116,1372
3117,8936
3118,3570
3120,739
3121,13
3122,286
3123,479
3124,422
3125,127
3129,654
3130,570
3132,872
3134,2179
3135,1198
3138,15116
3143,618
3144,4013
3146,2223
3147,5093
3149,1449
3151,2676
3152,2534
3155,6920
3158,4
316,306
3160,668
3162,5808
3165,5106
3168,1287
3170,5154
3172,796
3173,1303
3175,530
3189,225
3192,1898
3198,3740
3201,7350
3203,303
3204,549
3205,529
3209,1440
3211,3325
3212,5517
3214,1642
3217,4067
3218,1364
3221,1500
3222,1468
3225,8901
3226,9117
3229,2160
3231,797
3233,1946
3234,236
3235,506
3236,1474
3237,1856
324,7404
3240,543
3244,2399
3246,3665
3250,510
3251,355
3252,2564
3253,1698
3255,4823
3259,1473
3262,2539
3263,4448
3266,1077
3269,955
3270,555
3273,3012
3275,1016
3277,14843
3292,6744
3295,3310
330,155
332,657
3332,3119
3333,7184
3335,8046
3336,1261
3338,17648
334,1346
3340,1202
3343,11051
3347,4
3352,11478
3353,40
3354,15573
3355,10089
3356,22614
3358,580
3359,2632
336,7796
3360,18
3363,13108
3364,2180
3365,1583
3370,5050
3371,27
3374,2417
3375,1540
3376,5615
3378,8682
3382,20104
3383,25437
3385,9236
3386,7325
339,10140
3390,12228
3392,14230
3395,9100
3397,3306
3398,2011
340,441
3401,3721
3402,2253
3403,364
3406,1915
3408,9780
3409,4971
3410,21125
3411,9408
3412,272
3415,21413
3416,12891
3417,435
3419,958
3421,13
3422,1575
3427,4901
3428,151
3429,368
3430,5582
3433,7
3435,212
3436,5776
3437,180
3438,380
3439,514
344,595
3441,166
3443,552
3446,2529
3447,5303
3449,30
3450,2442
3451,8598
3453,2095
3454,17230
3455,7411
3456,692
3457,14436
3458,12866
3459,6050
3460,13677
3462,11792
3463,19048
3464,6667
3466,10563
3469,4691
3470,12560
3477,1517
3514,1069
3533,102
3535,911
3536,348
3537,2653
3538,1999
3545,595
3546,1728
3565,904
358,14528
3583,459
3589,138
359,1530
3600,509
3604,878
3605,837
3606,1651
3607,3583
3609,96
3610,1847
3611,2709
3612,1051
3613,649
3614,806
3615,857
3616,3287
3617,334
3618,370
3620,978
3631,6156
3633,3581
3634,3755
3635,906
3636,658
3637,6628
3638,5830
3649,419
3650,348
3652,1707
3653,894
3654,26
3658,351
3661,1941
3662,210
3665,2957
3668,5027
3670,1926
3671,8585
3672,43
3673,1443
3674,6025
3677,1042
3678,908
3679,1017
3680,896
3681,1128
3682,997
3683,1686
3684,1087
3695,545
3696,686
3697,631
3698,627
3699,531
3700,636
3701,924
3702,282
3705,4978
3708,11164
3710,11
3711,14
3712,4054
3713,529
3717,13518
3719,1755
3721,28
3722,13341
3727,340
3728,312
3729,1008
3730,18
3731,1170
3733,3054
3735,7564
3736,9124
3738,6247
3740,1779
3741,3126
3742,8068
3743,1269
3744,4055
3745,34
3746,12291
3747,10068
3748,9
3751,1215
3755,10426
3756,5978
3757,3396
3758,7372
3760,930
3764,6428
3765,2279
3768,3309
3769,35
3772,10179
3774,4
3776,3243
3777,20
3778,7331
3779,32
3780,4977
3784,4
3785,291
3788,6
3789,6884
3793,10723
3794,1044
3796,2246
3797,1043
3800,310
3801,1268
3802,1994
3805,254
3806,1725
3807,1265
3808,499
3809,947
3810,1249
3811,3977
3812,1217
3814,152
3817,1508
3821,4793
3822,4
3823,13
3826,1234
3827,555
3832,5796
3833,8953
3836,219
3837,2687
3838,923
3840,1366
3845,4991
3846,4669
3850,16228
3851,75
3856,14887
3858,2378
3859,1468
3860,644
3861,733
3862,662
3863,813
3864,4070
3865,2309
3866,2291
3869,2962
3870,1097
3873,8702
3874,1088
3875,19214
3876,3470
3878,1101
3879,203
3883,38
39,4020
3912,171
3914,4942
3916,11500
3920,3
3921,11152
3926,14
3928,1154
3931,3226
3933,4888
3936,2264
3940,1016
3942,1498
3943,807
3947,7444
3948,994
3950,2792
3952,116
3954,5364
3956,7067
3957,5106
3959,2554
3960,703
3962,4
3963,699
3965,1559
3967,1457
3968,2577
3969,7252
3970,9806
3973,8278
3974,1393
3975,2747
3978,8140
3979,6186
3981,6146
3982,1005
3984,682
3985,9995
3986,18806
3989,9180
3992,2679
3993,18
3995,8982
3996,2287
3997,6090
3999,3092
4001,3175
4005,2643
4009,8390
4010,12115
4011,6
4012,2670
4013,147
4015,4000
4016,726
4021,3
4024,2495
4027,3055
4031,8423
4032,4202
4035,11277
4036,23
4037,6342
4041,9700
4045,2375
4049,9381
4050,7990
4051,652
4052,1397
4054,10978
4055,1488
4057,9258
4059,6418
4060,2617
4061,165
4062,123
4063,1743
4064,1203
4067,1344
4068,5419
4069,3032
4071,1284
4074,13
4077,7490
4078,4140
4079,2092
4080,789
4081,140
4082,644
4086,2692
4091,738
4092,9449
4093,137
4097,4881
4098,1026
4099,5497
4100,1517
4101,7359
4106,2682
4107,1660
4109,705
4110,1679
4111,1389
4113,3540
4115,2305
4116,8106
4119,2170
4124,2422
4127,4
4130,4988
4132,392
4135,2315
4136,36
4137,147
4138,266
4139,17
4140,12
4141,35
4142,204
4143,104
4144,106
4146,6880
4147,9305
4149,6953
4153,1238
4154,538
4157,14812
4158,661
4160,574
4162,6
4163,9587
4165,13469
4166,2923
4168,1777
4169,3290
4170,1528
4171,2096
4173,17563
4177,1617
4178,222
4179,2296
4181,3457
4182,842
4183,10009
4184,5621
4185,3118
4187,347
4188,2338
4190,15
4191,3128
4192,8
4193,934
4194,1562
4195,991
4196,3377
4199,1451
4200,6372
4203,932
4204,1010
4207,7206
4210,6601
4211,2392
4213,1450
4214,5631
4216,3511
4218,8099
4219,17
4224,5685
4227,4663
4230,4073
4231,2163
4232,3171
4233,2668
4237,4663
4240,3118
4241,1498
4242,1176
4243,10011
4246,12964
4248,3383
4249,3556
4251,8097
4257,3085
4260,1042
4261,1763
4266,3051
4267,4043
4268,3
4279,639
4282,1222
4283,4516
4284,12698
4285,5005
4286,308
4287,339
4290,2
4292,3030
4293,12519
4294,13534
4295,1956
4298,18780
4300,932
4301,750
4306,4577
4312,8362
4313,1468
4314,18350
4315,3877
4318,7780
4319,1005
4320,3291
4321,3826
4322,941
4326,4728
4327,2415
4329,9039
4331,2628
4332,2418
4333,4756
4335,17594
4338,6
4339,15430
4340,10393
4342,7320
4343,24
4345,3885
4348,6717
4349,1777
4352,1439
4353,890
4356,17596
4359,5223
4360,6691
4361,5518
4362,1242
4363,2357
4364,2532
4365,621
4366,925
4367,4795
4368,8160
4371,116
4373,4438
4374,4
4375,15245
4376,2059
4377,1913
4378,1756
4379,6009
4380,1557
4381,1912
4382,3848
4384,6799
4385,5550
4386,3483
4387,11
4388,1682
4389,988
4390,1987
4391,6936
4392,5693
4393,4342
4394,4
4396,10477
4399,7195
4400,7990
4401,14121
4402,14955
4403,1680
4405,2383
4407,389
4408,6180
4410,10273
4417,4
4419,968
4424,5
4425,216
4427,881
4429,495
4430,3315
4431,3700
4436,6066
4443,14593
4444,7943
4445,238
4446,2832
4447,688
4449,1686
4450,1659
4451,2773
4452,926
4453,1582
4454,479
4455,2218
4456,1476
4457,1514
4458,1912
4459,1024
4460,1990
4461,596
4462,1249
4463,6964
4468,3545
4471,3850
4472,5861
4473,9544
4474,4988
4475,997
4476,2229
4477,21761
4479,8
4480,24
4481,5697
4482,7776
4484,4625
4485,4695
4486,8
4487,2266
4489,7192
4492,7150
4493,229
4495,688
4497,2327
4498,24
4499,6
4501,7029
4502,4574
4503,1729
4505,473
4506,3799
4507,2962
4508,12
4512,1570
4513,1436
4514,5856
4516,420
4517,4626
4518,2732
4519,3277
4523,7
4524,1355
4526,5161
4527,4745
4528,4079
4529,1918
4531,12089
4536,7
4537,2681
4540,1670
4541,461
4542,4936
4543,14029
4544,1965
4545,19996
4547,2905
4548,2045
4550,13671
4551,5834
4552,5364
4554,2948
4560,5225
4561,1928
4563,18149
4565,1455
4566,10349
4567,1720
4568,1078
4569,2110
4571,634
4572,8732
4573,1181
4574,8
4575,3821
4579,4624
4580,4587
4581,3784
4582,5615
4583,4362
4584,2866
4589,414
4592,1391
4594,5855
4595,1339
4601,4237
4603,139
4606,14373
4607,3322
4608,4251
4609,4957
4611,1605
4614,14341
4615,7574
4616,8
4620,9390
4621,5264
4622,4352
4626,6231
4628,1903
4631,2365
4633,168
4635,2257
4636,1222
4640,2119
4641,1189
4642,7428
4644,4230
4647,4320
4648,2208
4649,3658
4650,6946
4651,5183
4652,10995
4653,4248
4654,9845
4660,9613
4661,4
4662,1737
4664,3718
4665,1300
4667,9207
4668,7107
4669,408
4670,2635
4671,200
4673,4567
4674,4851
4675,19007
4676,34
4677,3998
4680,4
4681,3086
4687,4517
4688,5137
4689,871
4690,1037
4691,1476
4692,2734
4693,4030
4695,7055
4699,2510
4700,6475
4702,845
4706,2009
4715,5831
4716,580
4717,10862
4721,13917
4726,8472
4727,2040
4728,5613
4729,5109
4730,4733
4731,2524
4733,1533
4734,780
4735,605
4736,244
4737,885
4739,405
4741,1975
4742,985
4745,12952
4746,7918
4748,2053
4749,801
4751,3091
4752,6778
4754,2514
4756,1848
4757,1466
4760,833
4763,1229
4764,3202
4765,3164
4768,5383
4770,10354
4772,4
4775,1311
4776,3402
4777,1426
4778,707
4779,1835
4781,13060
4787,8
4788,5314
4789,2252
4792,9633
4794,2201
4795,25
4796,19
4797,421
4800,14018
4801,2065
4802,1411
4805,953
4806,9317
4810,3808
4816,1163
4817,1344
4819,422
4820,5077
4821,2641
4822,6317
4823,4695
4824,12
4825,291
4827,4355
4829,7755
4831,5015
4832,890
4833,5595
4834,278
4836,1878
4840,1148
4842,760
4845,3205
4848,6830
4849,10141
4851,4481
4854,3492
4856,2623
4858,2942
4859,1907
4860,7751
4861,315
4862,3987
4864,3232
4865,4587
4866,4
4868,7559
4869,37
4870,390
4871,5392
4874,11853
4875,49
4876,5143
4878,2512
4880,889
4881,1141
4882,5132
4884,4
4885,6
4886,3426
4887,10726
4888,26
4890,2474
4892,6812
4893,7390
4896,3198
4898,6
4900,5
4904,2386
4905,1876
4906,3049
4910,2989
4911,8964
4913,201
4914,3
4915,1533
4916,1776
4917,6206
4918,986
4921,3483
4922,2551
4924,1042
4925,5845
4927,3856
4928,653
4930,2507
4933,191
4934,1458
4937,9
4940,3047
4941,4338
4942,1498
4944,4089
4946,1206
4947,1043
4948,1242
4949,5479
4950,6468
4952,11035
4953,11725
4955,962
4957,4
4959,19
4960,7619
4961,1367
4963,660
4964,8647
4965,2131
4967,2488
4969,3100
4971,5779
4972,2121
4973,20392
4975,1785
4978,1667
4980,5635
4982,982
4986,9180
4987,56
4988,464
4990,524
4992,18
4994,264
4995,317
4996,8301
4997,14232
5001,1866
5003,2333
5008,3380
5009,6515
5011,7
5013,3777
5014,1830
5015,4460
5020,3237
5025,4108
5026,5144
5030,8798
5031,901
5033,5656
5034,5201
5035,4607
5036,930
5038,147
5039,679
5040,3545
5041,11
5046,17161
5047,901
5048,5470
5049,1759
5050,2258
5051,2035
5052,5024
5066,2
5131,2608
5132,5929
5134,9799
5142,18748
5163,5441
5165,1305
5166,21276
5168,8
5170,2581
5176,6105
5177,3232
5178,2419
5180,7649
5184,1407
5185,3773
5187,4
5188,9878
5192,5433
5193,2153
5194,5414
5195,7187
5196,704
5197,3702
5199,11206
5210,3
5211,22262
5213,4235
5215,3221
5216,5324
5218,8859
5221,3561
5222,19905
5224,32020
5225,1620
5228,662
5229,753
5230,356
5231,3
5232,2078
5233,11517
5236,2690
5237,984
5244,1454
5247,13783
5248,4632
5249,3450
5252,60
5253,10227
5254,15435
5255,5
5257,15
5259,2459
5261,2288
5267,4067
5269,5
5270,20
5272,4425
5278,7451
5282,7751
5285,1268
5288,5488
5295,2840
5298,2993
5299,9945
5300,4949
5302,8
5304,12
5306,4941
5308,3096
5309,2497
5311,3343
5312,1742
5313,4668
5314,17101
5315,1431
5320,19844
5321,15554
5322,3806
5323,5220
5324,16
5326,21280
5329,4389
5330,2912
5331,1065
5332,737
5333,121
5334,743
5335,637
5336,862
5337,2052
5342,6
5346,3395
5347,65
5350,446
5353,213
5355,5186
5360,5834
5361,1783
5362,1423
5363,9608
5367,2881
5370,5341
5371,9470
5373,1918
5374,13812
5375,233
5376,2268
5377,3269
5378,4590
5382,11711
5385,1495
5387,6467
5388,4905
5390,1201
5391,5904
5394,625
5395,1811
5397,3778
5399,13245
5401,5124
5403,6907
5404,177
5405,28130
5407,16964
5408,11884
5409,308
5410,72
5411,1090
5412,4706
5413,3450
5415,1593
5416,22304
5420,350
5421,2963
5422,1990
5428,14217
5429,9490
5430,1482
5431,1853
5432,2878
5433,1292
5434,1031
5436,284
5437,5398
5438,8
5439,1579
5447,9036
5448,2402
5449,1044
5450,943
5451,1187
5452,697
5453,561
5454,524
5455,1013
5456,797
5460,2336
5461,1083
5462,963
5465,2886
5466,756
5467,538
5468,8134
5469,1769
5470,845
5471,794
5472,241
5473,993
5474,199
5475,175
5477,255
5478,8354
5479,4796
5480,617
5481,656
5482,722
5483,1764
5484,705
5485,248
5486,2678
5487,2156
5488,9146
5489,18766
5490,9293
5493,1036
5494,6685
5495,44
5496,921
5497,249
5498,4734
5499,2390
5500,5958
5510,4161
5520,5318
5521,6
5523,137
5530,6274
5541,1017
5551,9698
5552,2182
5553,1728
5554,1591
5555,2456
5556,3313
5558,101
5559,463
5560,1535
5561,3692
5565,1015
5566,846
5567,1855
5570,462
5571,2053
5573,22287
5574,7283
5575,11057
5576,9512
5577,6459
5578,5784
5580,3079
5581,2018
5582,2598
5584,19682
5588,6723
5590,1681
5592,11680
5593,20605
5595,1703
5596,2389
5597,2683
5598,3120
5600,759
5602,2853
5615,3793
5617,6284
5622,6800
5623,5591
5626,4164
5630,6409
5634,35
5635,13825
5636,801
5637,2734
5638,5290
5639,3332
5641,2190
5642,1591
5643,5347
5644,1477
5645,17899
5646,8007
5647,30
5648,13007
5649,2571
5653,432
5654,8026
5655,15825
5657,24
5658,10596
5659,8363
5661,352
5662,255
5663,1587
5664,14251
5665,3678
5666,6686
5667,7933
5668,5465
5669,7722
5671,1648
5672,4278
5675,8301
5676,4241
5679,1575
5681,2307
5683,46
5685,9785
5686,27
5688,923
5689,6506
569,9478
5690,1127
5691,2370
5692,1658
5693,4340
5694,6
5695,4817
5696,1647
5697,740
5698,12009
5700,2383
5702,13358
5703,4807
5704,5850
5705,2431
5706,590
5708,2919
5711,580
5714,611
5715,3119
5716,5478
5717,8949
5718,2221
5719,718
572,837
5721,4331
5722,2904
5723,76
5724,4663
5725,1877
5726,1065
5729,6593
573,9679
5734,4829
5735,9096
5736,1308
5738,6511
5739,3312
5742,3410
5743,438
5749,2588
5750,13624
5751,7980
5759,1037
5760,10857
5762,3982
5763,14
5765,2911
5766,15930
5768,2099
5769,1185
5770,1533
5771,5958
5772,26
5776,2998
5778,2270
5781,2655
5783,2319
5785,5472
5786,13138
579,9
5790,1937
5793,1620
5794,736
5796,5890
5797,916
580,714
5804,5288
5808,4027
5810,6885
5813,9250
5814,695
5816,2495
5820,9586
5822,3922
5823,7561
5826,9516
5828,1590
5829,4507
5830,4991
5833,918
5835,23
5836,4644
5838,721
5839,4966
5840,581
5841,2055
5843,376
5844,3643
5845,3641
5846,379
5848,1628
5849,2952
5850,109
5851,559
5853,1748
5855,1757
5857,191
5859,4291
586,6452
5862,94
5863,6444
5864,449
5865,3700
5866,4666
5867,817
5869,2619
5872,1876
5873,4339
5874,335
5876,6647
5879,11034
5881,558
5882,20083
5884,10873
5898,692
5899,2122
590,15
5902,17926
5903,573
5905,9550
5906,10808
5907,8043
5909,2340
5910,3627
5912,1516
5914,4912
5915,3
5916,433
5918,5787
5919,1031
5920,2453
5921,4877
5925,3
5926,280
5928,3747
593,3082
5930,716
5931,7170
5932,4189
5933,3098
5934,4
5935,15403
5936,2866
5938,2694
594,13698
5942,11412
5943,9642
5945,8857
5946,2109
5948,1058
595,12556
5950,13994
5951,17580
5954,4
5955,6514
5956,2108
5958,21
5959,16254
5961,4004
5962,11996
5965,343
5966,5525
597,1598
5970,16
5973,6
5974,942
5976,5732
5980,7091
5981,8397
5985,2312
5986,8
5987,10617
599,2214
5992,16170
5993,3400
5995,5
5999,4416
600,7544
6000,1862
6001,1260
6002,924
6003,913
6005,210
6006,388
6007,1298
6008,242
6010,1709
6011,869
6013,4
6014,7684
6015,3014
6016,711
6019,3735
6020,552
6021,8560
6022,171
6023,1120
6024,9072
6026,3029
6034,1866
6035,9294
6036,3494
6038,1796
6041,49
6042,3122
6043,3
6045,755
6046,7186
6047,754
6050,2805
6051,2824
6056,2978
6057,1544
6058,6318
6059,9162
6060,1563
6061,1517
6062,11989
6065,3
6066,6487
6068,8667
6069,219
6080,4
6082,4
6084,6
6085,2425
6088,4291
6091,478
6094,4
6095,8943
6097,3007
6099,1520
6100,1744
6102,1307
6105,93
6109,1459
6111,3156
6112,5950
6113,5066
6115,5634
6117,15105
6118,1956
6119,17
612,1317
6121,7361
6122,6000
6123,3453
6125,6068
6130,6581
6132,5
6134,673
6136,7249
6138,2802
6139,169
6140,9272
6141,7
615,987
6172,3635
6173,3263
6174,1669
6176,4382
6181,2019
6182,1735
6183,773
6184,497
6185,4991
6186,2518
6187,8441
6188,2086
6191,11
6193,3139
6195,9366
6197,1675
6198,3415
6199,486
620,5465
6200,791
6201,4361
6203,1157
6205,1845
6206,2243
6207,4403
6208,372
621,17074
6210,2747
6211,2866
6212,440
6216,10374
6217,9
6220,2581
6221,6318
6225,931
6226,2926
6229,4821
6230,2054
6231,5080
6233,1848
6235,8501
6236,822
6237,16712
6239,485
624,14841
6246,3046
6247,486
6249,57
6250,8618
6251,4544
6255,952
6256,43
6258,6093
6259,3183
6260,6445
6261,200
6262,9
6267,5901
627,12247
6271,7704
6272,25
6276,1102
6279,1719
628,4261
6280,1254
6281,6
6282,4
6283,8
6285,1540
6286,4161
6288,1790
6290,387
6291,5952
6292,2284
6293,10586
6295,8476
6298,553
6299,4444
630,21
6309,1277
6310,18423
6312,3669
6313,3312
6314,1762
6315,1445
6316,747
6317,926
6319,1219
632,42
6321,5533
6322,3028
6324,497
6325,1754
6326,1290
6328,1726
6329,3656
633,6966
6330,1142
6331,562
6335,539
6336,3878
6337,360
6339,1059
634,6549
6340,9505
6343,7456
6344,1923
6346,4361
6347,1466
6352,1544
6353,4
6354,3413
6355,21106
6357,1366
6359,5182
6360,20
6361,11
6362,1134
6363,1631
6364,1190
6365,1549
6366,7656
6367,5793
6371,2568
6372,98
6378,75
6379,75
6380,75
6381,75
6382,75
6383,75
6384,75
6385,75
6386,75
6387,75
6388,75
6389,75
639,7398
6390,75
6391,75
6392,75
6393,75
6394,75
6395,75
6396,75
6397,75
6398,75
6399,75
640,4010
6400,75
6401,75
6402,75
6403,75
6404,75
6405,75
6406,75
6407,75
6410,75
6411,75
6412,75
6413,75
6414,75
6415,75
6416,3776
6417,8
642,323
6420,6626
6421,5760
6422,4
6423,816
6424,3328
6426,520
6427,7464
6429,6690
643,940
6431,506
6432,2444
6433,8961
6434,1115
6435,1221
6436,480
6437,7820
6438,4059
6439,8
6440,1358
6443,3620
6444,22
6445,4143
6446,12249
6449,7487
6451,2226
6452,9195
6456,269
6458,1482
6459,1790
6462,2640
6466,17741
6468,2370
6469,2421
649,1275
6501,4262
6503,3124
6505,358
6508,74
651,1964
6511,5
6512,702
6513,1919
6514,1624
6516,3686
6517,3878
6520,1913
6526,2866
653,3684
6530,726
6532,2905
6533,1497
6535,3072
6536,4
6537,1184
6539,2893
6542,2531
6543,1460
6546,11701
6547,16
6548,6679
655,3820
6552,269
6555,4664
6556,1541
6557,1407
6558,6989
6559,931
656,5101
6561,4243
6562,265
6563,274
6566,812
6569,858
657,7039
6571,3437
6576,24501
6579,3262
6583,4613
6585,2936
6586,475
6587,5155
6589,6002
659,863
6590,2866
6591,7995
6592,896
6596,2995
6597,8222
6598,9414
6599,5721
6600,1816
6601,35
6603,4
6604,3465
6606,4
6607,817
661,29
6610,10224
6611,11357
6612,4536
6613,12746
6614,12404
6615,534
6616,7
6617,1461
662,9616
6620,1174
6621,5253
6623,6281
6626,4
6627,875
6628,1771
6629,8667
663,11196
6630,1635
6631,3086
6634,18
6635,1494
6639,1937
664,6281
6641,7141
6643,4848
6644,10112
6645,8975
6646,21
6649,28
665,2222
6650,22
6651,1808
6652,13508
6653,10865
6654,15966
6655,7407
6656,1730
666,22273
6660,837
6663,3430
6666,75
6667,2007
6669,852
6670,6936
6671,10132
6672,395
6673,3557
6675,11093
6677,5257
6678,9317
6681,4
6682,982
6684,1367
6689,789
6690,11407
6693,717
6695,1318
6696,5198
6697,8059
6698,4155
670,5352
6700,1328
6704,8311
6710,11062
6711,4
6713,6134
6715,3782
6716,1014
6719,7977
6720,4222
6721,4648
6724,1271
6725,3203
6728,8110
673,1949
6731,10559
6734,3623
6736,5310
6739,2867
674,8541
6742,5448
6744,5
6745,2147
6746,4695
6747,1147
6749,9449
675,338
6751,3509
6752,5438
6753,2110
6759,4556
676,5077
6760,2689
6761,10335
6762,1383
6763,258
6766,1161
6767,2761
6769,696
677,4194
6771,16999
6773,6782
6774,581
6775,1552
6776,3358
6777,3430
6778,4472
6779,20
6780,3156
6781,4697
6782,21
6784,3000
6787,24629
6788,3298
679,20
6794,5636
6796,285
6799,10733
680,3814
6801,246
6803,4
6804,5223
6806,1621
6809,4
681,2453
6811,4468
6813,3430
6814,2640
6816,13590
6818,4573
682,3053
6821,1562
6822,11355
6823,1153
6824,12294
6827,14226
6828,1103
6829,2347
683,628
6830,2703
6834,170
6836,366
6839,645
6840,1657
6845,1241
6846,884
6848,1027
6849,4938
6851,18372
6852,9492
6854,4735
6856,108
6857,2179
6859,16860
6863,2426
6865,5680
6867,1356
6868,14946
6874,1362
6876,12
6878,2035
6879,1530
6880,1293
6881,3923
6882,7976
6883,11267
6884,13957
6886,21350
6887,1226
6888,404
6889,4427
689,8402
6896,188
690,4450
6901,136
6902,3282
6903,2291
6904,1223
6905,12
6907,5078
691,6960
6910,6800
6911,3107
6913,6
6916,608
6918,752
6920,3001
6921,1935
6922,1708
6924,769
6925,639
6927,5962
6928,1677
6932,4908
6933,2657
6934,1920
6936,3179
6938,3089
694,26
6941,66
6942,6595
6943,2304
6944,2039
6945,711
6946,12
6947,436
6948,6616
6949,2555
6951,10
6955,685
6956,1502
6959,38
696,74
6960,3459
6962,4819
6963,6056
6966,4934
6968,6385
6970,475
6972,1698
6974,3984
6976,61
6978,2872
6979,84
698,3645
6982,276
6984,9359
6985,2150
6986,2495
6988,1123
6991,1293
6997,2438
6999,11783
700,11297
7000,53
7003,4006
701,11865
7011,2100
7012,6723
7015,2043
7016,4027
7017,1248
7018,8664
7019,1716
7021,1707
7022,4002
7023,29081
7025,5117
7030,1592
7033,305
7034,4136
7037,3074
7038,4485
7039,4402
704,1314
7042,944
7043,2980
7044,12899
7045,20104
705,1081
7053,13397
7056,9547
7059,5354
706,3345
7060,857
7061,1764
7063,2860
7066,662
7067,3378
7068,2574
7069,234
7070,198
7071,1191
7072,506
7073,910
7074,73
7077,3352
7079,4
708,366
7080,737
7081,868
7085,4964
7088,49
7089,9049
709,1627
710,1798
7100,1684
7102,6
7103,8
7104,6936
7105,1926
711,5222
7110,23
7112,146
7118,275
7119,4780
7120,1369
7122,3687
7123,2178
7124,389
7125,646
7127,8
7129,2469
713,2876
7131,1412
7143,3342
7144,5292
7145,2378
7147,1120
7148,1416
7158,1164
7160,179
7162,4362
7163,5123
7164,5378
7165,2027
7167,326
717,13376
7172,14218
7174,4711
7175,10577
7176,1128
7179,3585
7180,1173
7182,2398
7183,1227
7184,2359
7185,15788
7188,206
7193,1003
7196,3347
7198,861
7199,168
7200,6891
7201,3147
7202,683
7203,1393
7206,4
7207,303
7211,11387
7212,1534
7213,1202
7214,1111
7218,1107
7220,1391
7222,12427
7224,15
7225,1351
7227,5028
7230,21
7232,1144
7233,1488
7234,742
7235,6520
7236,16171
7237,516
7239,6254
7241,2238
7242,415
7243,3965
7245,4
7246,744
7247,547
7248,707
7249,3570
7250,4
7251,3496
7252,4111
7253,21
7255,669
7256,1
7257,5443
7258,33
7262,604
7264,3247
7265,720
7271,13894
7272,6870
7273,441
7274,1101
7279,2565
728,22
7280,51
7283,1998
7284,2292
7287,19
7288,12
7291,151
7293,8920
7294,5382
7295,7
7296,524
7299,8458
7300,7
7301,5678
7303,1305
7304,5154
7305,955
7306,1739
7309,265
7310,972
7312,1072
7316,6373
7322,2391
7324,2858
7327,1335
7329,2187
7330,616
7331,578
7333,84
7335,357
7337,2
7339,651
734,959
7341,8684
7342,4330
7344,4010
7345,5779
7346,3686
7355,5662
7357,1920
736,14341
7362,1887
7363,2482
7366,1764
737,18309
7376,7204
7378,1499
738,19325
7380,26
7381,3212
7382,7899
7383,3294
7387,3046
7388,9095
7390,11265
7392,5872
7394,18
7397,6945
7398,10007
740,4665
7400,1964
7401,3012
7403,3391
7406,6283
7407,417
7411,2433
742,70
7424,5927
7425,1560
7426,13468
7431,2312
7434,6383
7435,742
7437,523
7439,1131
7441,3642
7442,6106
7445,1382
7446,2119
7447,7695
7449,289
7450,561
7451,4784
7453,8
7455,2115
7456,3
746,22068
7460,10
7461,3324
7462,1412
7463,13037
7466,670
7467,5
7471,4101
7472,3925
7473,7726
7475,8739
7477,625
7478,2258
748,2453
7480,3453
7482,4915
7484,32
7485,4305
7487,1986
7489,2010
7490,31
7491,1120
7492,1529
7498,185
7499,3987
7500,4
7502,11505
7504,3638
7507,650
751,3657
7512,1055
7514,370
7515,1277
7516,829
7517,1685
7519,5168
752,8852
7521,1264
7522,4505
7525,5434
7527,5661
7530,220
7531,2076
7534,6428
7535,14
7536,4
7538,784
7541,3830
7543,5382
7544,4
7546,3056
7548,5311
7550,5041
7552,5
7554,3043
7555,6201
7558,5587
7560,24
7561,1238
7564,12735
7565,1443
7566,10765
7572,304
7573,2555
7574,661
7575,893
7577,5812
7578,3212
7580,5768
7581,1780
7583,3452
7585,1121
7586,9886
7587,2704
7591,8375
7592,2239
7593,6900
7594,2453
7595,6
7597,1645
7598,378
7599,1068
7601,6955
7602,6014
7603,8
7604,2364
7605,1141
7607,293
7609,971
7610,3595
7611,1359
7612,2329
7614,239
7616,4
7617,1636
7618,14
7619,16
7622,2011
7624,4
7626,14772
7627,7857
7628,2593
7630,6908
7632,2730
7633,4
7635,1479
7638,2055
764,576
7642,600
7643,649
7645,837
7646,4
7647,1933
7649,16
765,16258
7651,4
7655,648
7659,2275
766,360
7660,6247
7661,1922
7662,2171
7663,1450
7668,4987
7669,279
7670,10
7671,436
7672,3247
7673,2121
7674,2428
7676,494
7677,3391
7681,3705
7682,1417
7683,9518
7685,366
7689,3168
7697,8175
7699,246
7700,1310
7701,15630
7706,5117
7708,644
771,19731
7710,841
7712,12045
7713,3831
7716,1983
772,1202
7720,1524
7721,1365
7722,658
7723,2122
7727,5144
7728,486
7729,12644
7730,18
7731,3103
7732,11226
7734,2174
7737,3494
7738,15746
7739,1681
7740,1278
7742,11630
775,11266
7751,4
7755,129
7756,4158
7757,5
7765,687
7767,1414
7768,203
777,707
7770,12074
7772,3307
7773,4976
7774,881
7775,335
7780,553
7781,3863
7783,10449
7786,3969
7787,814
779,226
7791,606
7794,1657
7796,4077
7797,1227
780,12
7800,4
7801,2433
7803,309
7805,14
7806,2069
7807,5742
7808,402
7810,7410
7811,2129
7816,6662
7817,735
7818,585
7819,12943
782,6557
7820,4
7821,4923
7822,4281
7824,1128
7827,1587
7828,847
7829,1979
783,17074
7830,927
7832,2068
7833,993
7834,1792
7837,956
7838,181
7839,6734
784,1515
7840,7719
7843,1974
7844,6939
7845,2497
7846,1505
7849,1378
785,4674
7850,1873
7851,2286
786,4674
787,537
788,442
7885,3700
7886,6406
7888,3467
789,1004
7890,3188
7891,13533
7892,4160
7893,7842
7896,1373
7900,80
7901,2499
7902,625
7903,3113
7906,758
791,8373
7921,8134
7922,3311
7923,5628
7925,13256
7928,3185
7930,9382
7931,3873
7932,3
7935,722
7938,2073
7939,449
794,528
7940,7084
7941,5309
7942,1322
7946,4915
795,982
7950,2163
7951,7003
7952,11155
7954,5192
7955,15474
7957,527
7958,20
7959,13003
7960,6
7962,1001
7963,777
7964,2826
7965,6
7966,10621
7970,33
7973,2419
7975,1262
7976,3903
7978,3999
798,4508
7983,1208
7984,6148
7985,2209
7988,4319
7989,6381
799,2926
7990,2848
7991,239
7992,3322
7993,4
7994,2804
7995,496
800,6784
8000,4
8002,34
8005,3452
8007,890
8008,171
801,4
8011,3675
8013,5208
802,10573
8022,4025
8023,865
8024,1663
8025,2074
8026,2207
8027,176
8028,1736
8029,12423
803,13446
8032,816
8033,929
8035,6799
8037,1313
8038,1167
8039,2109
8041,3216
8042,926
8043,834
8044,1774
8045,1564
8047,395
8048,1870
8051,1375
8052,1845
8053,606
8054,766
8056,176
8058,146
8059,1697
8060,20569
8062,385
8063,10108
8064,1041
8065,523
8067,2901
8068,961
8069,523
8070,1161
8071,1436
8072,5139
8073,1936
8074,649
8075,3449
8078,1363
8079,3717
808,12680
8080,211
8081,4871
8082,8360
8083,15162
8085,814
8086,435
8088,5345
809,619
8090,5523
8091,7300
8092,6243
8095,2495
8096,8
8097,308
8099,9301
8100,2229
8101,9
8102,3625
8103,12602
8104,3179
8117,1840
8118,4
8121,11517
8122,8134
8123,596
8124,463
8125,3660
8126,93
8127,2469
8128,3381
8129,2405
8131,2572
8133,12916
8134,3473
8135,4524
8137,809
8138,2828
8141,144
8142,6
8143,238
8144,137
8145,43
8148,961
8162,1571
8166,7605
8167,3522
8169,5304
8171,30
8176,5469
8179,1581
8181,1382
8182,21602
8185,2367
8187,872
8189,180
8192,5143
8193,4719
8194,109
8197,2321
8198,102
8199,7393
8200,298
8202,2171
8203,5126
8204,122
8205,10673
8206,1933
8207,1427
8209,20008
8211,3786
8212,4086
8214,3144
8216,5282
8217,4179
8218,1971
8219,111
8220,2860
8221,6514
8222,1174
8226,4
8227,6976
8228,837
8230,3979
8233,3456
8237,7383
8239,4
824,5428
8240,5209
8242,10982
8243,3446
8244,3993
8246,3660
8247,1667
8249,2261
825,1932
8253,11698
8254,7527
8256,6559
8258,2511
8259,1766
8262,4483
8263,1784
8267,8915
8270,188
8271,3658
8274,1269
8276,783
8278,4
8280,6704
8286,143
8293,929
8295,4612
8299,382
8300,7970
8301,6571
8302,4852
8303,10367
8305,7636
8308,1407
8309,4248
8310,28
8311,20751
8315,1867
8317,2341
8322,106
8324,2487
8326,445
8328,2097
8334,116
8336,1013
8339,6250
8340,13236
8341,934
8343,1161
8344,1459
8347,2870
8349,1951
8350,308
8351,3422
8352,106
8353,81
8354,86
8355,122
8356,70
8357,52
8359,69
8360,95
8361,1033
8362,2808
8363,2791
8367,11571
8368,1894
8372,197
8373,3259
8375,3055
8376,2816
8377,7139
8378,3400
8386,46
8387,1377
8388,5
8389,22497
8391,3714
8396,87
8397,2414
8398,3887
840,4890
8400,3422
8401,421
8402,6750
8406,3379
8407,1244
8408,9399
8409,1705
841,7547
8410,6145
8411,2671
8412,3061
8414,5046
8418,18596
8419,3844
842,1838
8420,10245
8421,642
8425,634
8429,2154
843,4403
8432,2264
8436,720
8437,299
8439,3944
844,13036
8442,4
8443,3123
8449,2653
8452,86
8453,333
8454,1648
8456,1249
8459,1597
846,75
8460,4505
8461,4
8463,4127
8464,509
8465,2991
8466,883
8467,1074
8468,9152
8470,5092
8471,982
8472,1407
8474,13862
8476,940
8477,4
8478,3515
848,14125
8481,1525
8483,1203
8484,11562
8485,14026
8487,3278
8488,1504
8489,4070
849,4291
8490,1788
8492,3245
8494,11474
8495,506
8496,4
8498,9266
8500,3875
8501,3058
8504,11085
8506,5073
8508,1071
851,2939
8518,5636
8519,749
852,14896
8520,8742
8521,7863
8522,12863
8524,6973
8525,1784
8527,1949
8528,278
8529,365
8530,7182
8531,4757
8533,11509
8536,1368
8537,4129
8539,5908
854,4824
8540,13726
8541,12
8543,8
8544,4147
8545,3124
8547,2245
8550,4
8551,7332
8556,4328
856,24309
8560,2854
8561,538
8562,899
8564,2691
8567,1309
8569,4798
857,1911
8573,2682
8574,3388
8577,1723
8578,286
8579,18178
8580,14703
8582,7393
8584,402
8585,4
8586,4785
8587,1494
8589,44
859,417
8591,54
8592,11971
8593,2554
8594,3287
8599,10997
8603,5032
8605,5532
8608,2908
8612,1042
8613,5726
8615,580
8617,1179
8618,23625
8620,1179
8622,3613
8623,401
8625,2299
8626,8033
8629,10809
863,18489
8630,11370
8631,2687
8632,11873
8633,119
8637,6916
864,10874
8640,1452
8641,235
8642,8557
8643,1611
8645,1446
8648,166
8649,147
8650,1885
8651,8918
8653,4371
8654,5532
8659,1290
8660,4951
8662,3006
8663,1081
8664,433
8667,5050
8668,1122
8674,3114
8676,5
8677,45
8678,241
868,1534
8681,716
8683,4267
8687,23036
8688,1625
869,1650
8690,18198
8691,1590
8693,338
8695,7459
8697,1191
8699,3506
8702,5075
8703,2277
8704,1949
8706,9
8707,2791
8708,3229
8709,856
8713,3755
8714,88
8715,10182
8716,12882
8717,2441
8718,1172
872,17716
8724,3363
8727,1522
8728,106
8729,807
8730,3162
8731,2295
8733,2537
8735,550
8736,303
874,16630
8741,2203
8742,1701
8743,938
8745,289
8748,10346
875,263
8750,372
8751,2522
8752,4852
8753,5664
8756,3010
8757,2714
8758,3435
876,355
8765,3567
8767,5164
8768,51
8769,2092
877,1266
8771,131
8774,3102
8777,9486
8778,5936
8779,7413
878,2558
8780,269
8781,4392
8783,11820
8785,382
8786,16331
8788,4
8791,6167
8795,8919
8796,5382
8798,1275
8799,13009
880,15379
8805,4047
8807,4227
881,2109
8811,7080
8815,1819
8816,16550
8817,2620
8822,5
8824,4231
8826,1004
8827,11216
8828,12025
8829,510
8832,10820
8833,2485
8835,7383
8837,6422
8838,1544
8839,2536
8840,2342
8843,3296
8844,6513
8845,2781
8846,1950
8847,1237
8848,139
8849,81
885,32
8850,114
8851,106
8852,70
8855,8067
8858,1282
8859,3422
8860,16095
8864,1902
8865,615
887,3259
8873,421
8875,1338
8876,899
8877,4
8878,4136
8879,3977
888,3537
8880,590
8881,8522
8882,385
8884,2708
8885,303
8886,8885
8887,1887
8888,2275
8892,331
8893,106
8895,25
890,6409
8900,9357
8904,887
8905,639
8906,2004
8910,2256
8912,4495
8914,10945
892,266
8921,4671
8922,2460
8927,4923
8930,3001
8932,9
8933,1172
8935,3889
8937,435
894,6096
8940,812
8941,1093
8942,14
8945,3842
8946,111
8949,3952
8953,6088
8957,2731
8958,4348
896,2658
8960,3976
8964,2389
8965,1180
8966,65
8967,449
8968,5728
897,12318
8970,2416
8971,4532
8972,3723
8973,8740
898,6775
8987,4211
8989,8
899,4042
8991,7
8992,290
8993,3034
8994,2996
8996,1452
8997,7620
900,9971
9000,647
9001,390
9002,7895
9003,2041
9008,12007
901,9226
9010,4615
9011,557
9014,9549
9015,5260
9016,6
902,12927
9020,5654
9021,3052
9023,2137
9025,273
903,976
9030,1347
9032,1984
9033,2500
9039,3834
904,7598
9041,33
9042,12
9043,3
9047,8
9048,2110
905,1767
9050,3
9051,2194
9053,19
9055,14287
9058,5532
9059,4702
9061,11216
9067,981
9069,392
9070,2307
9071,17
9072,8663
9074,66
9079,8975
9080,1827
9082,609
9085,2038
9086,2121
9087,4108
909,3799
9090,6644
9091,1084
9093,15705
9099,1757
910,167
9101,1455
9103,901
9105,6895
9109,2133
911,467
9110,2074
9111,6
9118,2249
9119,969
9120,511
9121,1265
9123,4108
9128,2715
9129,117
9130,6834
9132,1957
9133,2108
9135,9904
9136,14
9137,3479
9138,4190
914,2224
9140,12369
9141,3672
9142,28
9146,1991
915,970
9156,1198
9160,475
9163,11175
9164,5890
9165,730
9209,1183
921,735
922,4936
9222,912
9223,19846
9225,4974
9228,19890
9230,7533
9232,8867
9235,2352
9236,23741
9238,2681
9239,16940
924,3470
9240,29
9241,441
9247,6054
9248,11471
925,454
9251,5914
9252,7865
9253,3816
9256,8358
9257,9470
9258,8849
9259,2118
9260,1548
9262,16846
9263,1807
9264,2522
9269,315
9277,7480
9278,7
9279,17913
928,4498
9281,1972
9282,4117
9284,3279
9285,1284
9286,711
9288,21330
929,981
9294,8105
9297,3677
9299,2632
930,1752
9300,1536
9301,314
9302,3151
9303,47
9307,383
9308,462
9309,328
931,8491
9310,2689
9311,2489
9312,2571
9313,1910
9316,26466
9317,21163
9319,68
9320,434
9321,4920
9322,4
9324,5869
9325,12399
9328,22
933,11
9331,1245
9332,3638
9333,9326
9334,18212
9335,7284
9336,3175
9337,5872
9338,1501
9339,2418
9340,911
9341,231
9342,1921
9343,2251
9348,2626
9349,2050
9350,2118
9351,11024
9352,1239
9353,821
9354,5993
9355,5733
9356,15710
9358,1594
9359,1536
9360,451
9361,2561
9362,390
9363,361
9364,2272
9365,1399
9366,9639
9367,3099
9368,689
9369,1169
9370,1646
9371,3111
9372,399
9373,317
9374,760
9375,707
9377,8063
9378,826
9379,2674
9380,1586
9381,2176
9382,272
9383,496
9384,868
9385,1306
9388,1431
9389,2175
9390,1294
9391,3674
9392,188
9393,582
9395,1582
9400,1293
9401,2319
9402,2220
9403,883
9404,1147
9405,5030
9406,2667
9407,748
9417,6226
9418,912
9419,5364
9420,5694
9421,1363
9422,682
9424,8576
9425,4666
9426,9335
9428,12083
9429,954
9432,115
9433,393
9441,5519
9447,304
9450,4520
9451,8
9454,737
9455,6946
9457,2273
9459,2445
9461,17
9467,2519
9469,1673
9471,231
9472,10246
9474,9985
9476,6829
9477,4626
9478,2051
9479,7278
9480,1889
9481,7134
9482,5909
9483,1078
9486,115
9487,1279
9488,770
9491,4193
9496,2525
9498,252
9499,4963
9502,44
9505,1194
9506,3272
9508,10927
9509,1344
951,3794
9510,11041
9514,2018
9515,11042
9516,16761
9518,10012
953,531
9531,6378
9532,2288
9534,1699
9536,2530
954,8387
9540,3320
9541,3698
9545,883
9546,55
9549,6886
9550,7661
9553,3483
9555,1327
9559,793
956,3758
9561,5
9566,1651
9567,9
9569,603
957,1440
9574,3171
9577,4426
9578,4277
9579,38
958,3961
9580,3788
9581,13003
9582,3879
9587,6722
9588,11159
9589,90
9591,4468
9592,1115
9593,11776
9596,3525
9597,4148
9598,1609
960,1530
9601,8346
9602,17904
9603,3365
9604,9824
9611,4103
9613,2251
9615,4842
9616,2572
9617,6
9619,3716
9620,8832
9621,1542
9623,10382
9627,5787
9628,909
9630,23484
9631,1556
9632,6692
9633,4427
9637,1972
9638,1407
9640,4963
9643,332
9644,950
9645,12
9646,2950
9647,1465
9649,7464
9653,4866
9656,1865
9657,1950
9658,1906
9659,1015
966,269
9660,1020
9662,2156
9663,1902
9664,1372
9665,32
9667,1268
9668,5498
967,4592
9670,1170
9672,921
9674,1063
9675,2845
9677,2482
9678,2977
9679,13728
9683,1419
9684,401
9685,891
9686,2317
9688,3282
9689,1879
969,3997
9692,253
9693,3694
9695,3421
9696,5003
9697,3519
9700,1353
9703,14758
9705,3545
9706,5239
9707,3516
9708,1302
9709,11821
9710,5307
9712,6
9713,809
9714,65
9717,2267
9719,717
972,1913
9720,20
9723,1280
9724,677
9725,974
9727,5303
9728,4993
9730,2536
9731,5317
9732,2614
9734,179
9735,2963
9736,7862
9737,7894
9738,7752
9739,5381
974,5629
9740,8
9742,3193
9750,7609
9751,1906
9752,1240
9755,1374
9756,827
9757,16
9758,1238
9760,1848
9762,5794
9763,22241
9764,13185
9765,602
9766,6
9767,11553
9769,1715
9770,2739
9771,1147
9772,725
9773,1154
9775,2706
9776,26
9778,2035
9779,7646
9781,1841
9789,2291
9790,2685
9792,2216
9799,1626
980,3996
9804,2916
9806,7048
9808,8383
981,10672
9810,4919
9813,6282
9814,6691
9815,2269
9820,657
9822,4
9823,1813
9824,2674
9825,4
9827,995
9828,168
9829,106
983,5028
9830,5336
9831,28
9833,7535
9835,5506
9837,3856
9838,5705
9839,2917
984,9340
9840,12244
9841,6087
9843,6896
9845,7298
9846,30
9855,1774
9857,4675
986,3969
9860,4
9862,130
9864,2427
9865,806
9866,3500
9867,799
9868,1035
9869,1978
9872,15
9875,502
9877,883
9878,1296
988,438
9883,672
9890,848
9891,10501
9892,3322
9895,5825
9896,7827
9897,4313
9901,3331
9902,2288
9903,1593
9904,4470
9907,1031
9908,4435
991,2444
9910,2998
9911,2262
9914,1105
9917,860
9920,2186
9922,2143
9924,770
9925,459
9926,12167
9927,5276
9928,784
9929,512
993,981
9931,8618
9932,3218
9933,2065
9935,983
9937,2125
9939,33
994,31
9941,6082
9942,3436
9945,564
9946,4887
9948,1927
9949,2707
9950,1750
9951,3025
9952,1020
9953,3564
9954,13182
9955,5878
9956,3888
9960,2379
9961,5075
9962,9272
9963,1587
9966,3331
9967,16
9970,318
9971,2302
9974,8121
9975,3024
9976,359
9977,6
9978,3604
9979,9129
9986,720
9987,67
9988,195
9992,632
9993,726
9994,3314
9995,16438
9996,2139
9997,669
